%YAML:1.0
---
s: 203067
cameraMatrix: !!opencv-matrix
   rows: 2
   cols: 3
   dt: d
   data: [ 8.2322484623389789e+02, 0., 6.5199360623872849e+02, 0.,
       8.2322484623389789e+02, 5.0598339959414085e+02 ]
rvecM1: !!opencv-matrix
   rows: 3
   cols: 3
   dt: d
   data: [ 2.439345783404379e-02, 8.943261827107734e-01, 4.467500846478651e-01, 9.92319262905849e-01,
       3.255049558874668e-02, -1.193438130064516e-01, -1.212742333758108e-01, 4.462299229712222e-01, -8.866630792833353e-01 ]
tvec1: !!opencv-matrix
   rows: 3
   cols: 1
   dt: d
   data: [ -3.017743808303063e+04, 7.905054684715167e+03,
       2.030233513756159e+05 ]
 